trial_num,image_label,category,type,Image_Index,Block,Part
1,C2_S28,2,old,Filler-3064,4,test
2,C1_S1,1,old,Filler-6285,4,test
3,C1_S29,1,old,Target-1140,4,test
4,C1_N2,1,new,Target-1380,4,test
5,C3_S24,3,old,Filler-7063,4,test
6,C3_S28,3,old,Filler-4707,4,test
7,C2_N9,2,new,Filler-3337,4,test
8,C1_N4,1,new,Filler-512,4,test
9,C1_S21,1,old,Target-985,4,test
10,C2_S6,2,old,Filler-5531,4,test
11,C3_N4,3,new,Target-1050,4,test
12,C4_S23,4,old,Filler-949,4,test
13,C4_N5,4,new,Target-335,4,test
14,C2_N2,2,new,Filler-180,4,test
15,C1_N9,1,new,Filler-5430,4,test
16,C1_N12,1,new,Target-667,4,test
17,C2_N11,2,new,Filler-5054,4,test
18,C4_N15,4,new,Filler-6178,4,test
19,C2_S23,2,old,Filler-457,4,test
20,C3_N14,3,new,Filler-5483,4,test
21,C4_N11,4,new,Target-781,4,test
22,C1_S3,1,old,Filler-992,4,test
23,C4_N4,4,new,Filler-6199,4,test
24,C4_S1,4,old,Target-323,4,test
25,C2_N10,2,new,Filler-2434,4,test
26,C3_S5,3,old,Filler-251,4,test
27,C1_S8,1,old,Target-1658,4,test
28,C4_S12,4,old,Filler-2160,4,test
29,C1_N10,1,new,Filler-5507,4,test
30,C3_N5,3,new,Target-1756,4,test
31,C3_S10,3,old,Filler-192,4,test
32,C1_N11,1,new,Filler-6482,4,test
33,C2_S15,2,old,Filler-4931,4,test
34,C2_S20,2,old,Filler-6678,4,test
35,C4_N12,4,new,Filler-1914,4,test
36,C3_N15,3,new,Target-169,4,test
37,C1_N6,1,new,Filler-358,4,test
38,C3_S16,3,old,Filler-4480,4,test
39,C2_S16,2,old,Target-1706,4,test
40,C3_N12,3,new,Filler-7145,4,test
41,C2_S25,2,old,Filler-3805,4,test
42,C4_S21,4,old,Filler-1968,4,test
43,C2_N5,2,new,Filler-4487,4,test
44,C3_N10,3,new,Target-161,4,test
45,C3_N1,3,new,Filler-422,4,test
46,C4_S24,4,old,Filler-3010,4,test
47,C2_S10,2,old,Filler-5563,4,test
48,C1_N7,1,new,Target-609,4,test
49,C1_N8,1,new,Filler-7209,4,test
50,C4_S16,4,old,Filler-3515,4,test
51,C4_S15,4,old,Filler-5103,4,test
52,C3_S23,3,old,Filler-8039,4,test
53,C2_N15,2,new,Filler-2163,4,test
54,C1_S10,1,old,Target-1748,4,test
55,C4_N6,4,new,Filler-4247,4,test
56,C2_N1,2,new,Filler-6069,4,test
57,C3_S19,3,old,Filler-4827,4,test
58,C2_S30,2,old,Filler-1706,4,test
59,C1_N13,1,new,Filler-1748,4,test
60,C4_N8,4,new,Filler-255,4,test
61,C3_N13,3,new,Filler-1001,4,test
62,C4_N13,4,new,Filler-7837,4,test
63,C4_S18,4,old,Target-752,4,test
64,C1_S23,1,old,Filler-4631,4,test
65,C4_S8,4,old,Target-1354,4,test
66,C2_N13,2,new,Filler-3898,4,test
67,C4_S22,4,old,Filler-666,4,test
68,C1_N15,1,new,Target-902,4,test
69,C4_S4,4,old,Filler-3628,4,test
70,C3_S27,3,old,Filler-5473,4,test
71,C1_N5,1,new,Filler-1161,4,test
72,C3_S29,3,old,Filler-4424,4,test
73,C2_N4,2,new,Filler-7489,4,test
74,C4_N1,4,new,Filler-685,4,test
75,C3_S15,3,old,Filler-2645,4,test
76,C4_N7,4,new,Filler-1089,4,test
77,C3_N11,3,new,Filler-6800,4,test
78,C3_S17,3,old,Filler-5802,4,test
79,C3_N6,3,new,Target-783,4,test
80,C4_N10,4,new,Filler-4373,4,test
81,C2_S2,2,old,Filler-4372,4,test
82,C2_N6,2,new,Filler-7460,4,test
83,C1_S19,1,old,Target-570,4,test
84,C3_N3,3,new,Filler-5545,4,test
85,C1_S15,1,old,Filler-1080,4,test
86,C3_N7,3,new,Filler-4080,4,test
87,C3_S22,3,old,Filler-7224,4,test
88,C2_N3,2,new,Filler-7840,4,test
89,C1_S25,1,old,Filler-1106,4,test
90,C4_N14,4,new,Filler-2414,4,test
91,C4_S3,4,old,Filler-2514,4,test
92,C2_N7,2,new,Filler-5058,4,test
93,C1_S11,1,old,Filler-6342,4,test
94,C3_S7,3,old,Filler-5890,4,test
95,C2_S21,2,old,Filler-3825,4,test
96,C3_S14,3,old,Target-1972,4,test
97,C3_N2,3,new,Filler-3517,4,test
98,C4_N2,4,new,Target-638,4,test
99,C2_S12,2,old,Filler-4853,4,test
100,C2_S29,2,old,Filler-6644,4,test
101,C4_S11,4,old,Filler-4695,4,test
102,C2_N8,2,new,Filler-1699,4,test
103,C4_S28,4,old,Filler-5457,4,test
104,C2_N12,2,new,Target-1107,4,test
105,C3_S25,3,old,Filler-2826,4,test
106,C3_N8,3,new,Filler-2090,4,test
107,C2_S9,2,old,Filler-1324,4,test
108,C1_S30,1,old,Filler-2626,4,test
109,C2_N14,2,new,Filler-5772,4,test
110,C1_N14,1,new,Filler-948,4,test
111,C3_N9,3,new,Filler-3543,4,test
112,C2_S4,2,old,Filler-1395,4,test
113,C1_S18,1,old,Target-113,4,test
114,C1_S7,1,old,Filler-1805,4,test
115,C1_N3,1,new,Filler-6873,4,test
116,C1_S20,1,old,Filler-7648,4,test
117,C4_N9,4,new,Filler-7921,4,test
118,C4_S7,4,old,Filler-789,4,test
119,C1_N1,1,new,Target-16,4,test
120,C4_N3,4,new,Filler-3313,4,test
